3.14159265359	0.0
3.11017672705	0.000157083559867
3.07876080052	0.000628381375141
3.04734487398	0.00141403492359
3.01592894745	0.00251428023757
2.98451302091	0.00392944825901
2.95309709437	0.00565996533811
2.92168116784	0.00770635387756
2.8902652413	0.0100692331245
2.85884931477	0.0127493201133
2.82743338823	0.0157474307615
2.79601746169	0.019064481125
2.76460153516	0.0227014888145
2.73318560862	0.0266595745798
2.70176968209	0.0309399640682
2.67035375555	0.0355439897623
2.63893782902	0.040473093105
2.60752190248	0.0457288268206
2.57610597594	0.0513128574396
2.54469004941	0.0572269680379
2.51327412287	0.0634730612013
2.48185819634	0.070053162227
2.4504422698	0.0769694225748
2.41902634326	0.0842241235837
2.38761041673	0.0918196804676
2.35619449019	0.0997586466096
2.32477856366	0.108043718172
2.29336263712	0.116677739043
2.26194671058	0.125663706144
2.23053078405	0.135004775121
2.19911485751	0.144704266447
2.16769893098	0.154765671968
2.13628300444	0.165192661919
2.10486707791	0.175989092456
2.07345115137	0.187159013732
2.04203522483	0.198706678572
2.0106192983	0.210636551785
1.97920337176	0.222953320171
1.94778744523	0.235661903284
1.91637151869	0.24876746501
1.88495559215	0.262275426031
1.85353966562	0.276191477268
1.82212373908	0.290521594367
1.79070781255	0.305272053353
1.75929188601	0.32044944754
1.72787595947	0.336060705836
1.69646003294	0.352113112561
1.6650441064	0.368614328956
1.63362817987	0.385572416531
1.60221225333	0.40299586246
1.57079632679	0.420893607238
1.53938040026	0.43927507485
1.50796447372	0.458150205719
1.47654854719	0.477529492773
1.44513262065	0.49742402097
1.41371669412	0.517845510712
1.38230076758	0.538806365608
1.35088484104	0.560319725135
1.31946891451	0.582399522823
1.28805298797	0.605060550684
1.25663706144	0.628318530718
1.2252211349	0.652190194476
1.19380520836	0.676693371812
1.16238928183	0.701847090156
1.13097335529	0.727671685869
1.09955742876	0.754188929535
1.06814150222	0.78142216738
1.03672557568	0.809396481429
1.00530964915	0.838138871543
0.973893722613	0.867678463096
0.942477796077	0.898046744865
0.911061869541	0.929277842696
0.879645943005	0.961408835751
0.848230016469	0.994480123761
0.816814089933	1.02853585571
0.785398163397	1.06362443307
0.753982236862	1.09979910403
0.722566310326	1.1371186698
0.69115038379	1.17564833
0.659734457254	1.21546070215
0.628318530718	1.25663706144
0.596902604182	1.29926886187
0.565486677646	1.3434596213
0.53407075111	1.38932728294
0.502654824574	1.43700720965
0.471238898038	1.48665603205
0.439822971503	1.5384566687
0.408407044967	1.59262498772
0.376991118431	1.64941881892
0.345575191895	1.70915041916
0.314159265359	1.77220416371
0.282743338823	1.83906242494
0.251327412287	1.91034481663
0.219911485751	1.98687036897
0.188495559215	2.06976153243
0.157079632679	2.16063066192
0.125663706144	2.26194671058
0.0942477796077	2.37785603662
0.0628318530718	2.51642360902
0.0314159265359	2.69841647239
